601919
300122
300124
600183
600009
601998
601600
600196
600426
601899
002493
601166
600999
600845
002352
601857
601229
300595
002841
601881
300601
300628
000938
600436
600029
601336
300207
601012
601238
601800
300347
603993
000333
603806
603659
002916
601838
601360
603259
300454
002555
002594
002602
601901
002601
000596
300316
601633
601669
300014
600150
600010
603899
603799
601689
600958
002756
600690
601390
600837
600132
600115
600104
600031
601066
300760
300751
300763
600989
002202
300059
600406
600061
600309
600460
000408
000001
000002
000301
000538
000568
600036
000776
600089
600884
601985
300529
603986
600085
000651
000661
000733
000858
002050
601939
002129
002311
600048
002236
601111
002064
000876
601088
601628
601988
000786
000723
600745
002008
002007
002049
601898
601816
688169
688396
600918
688599
688981
688561
601868
600941
300782
601698
601236
688005
003816
688036
688363
688111
601658
300896
300999
300919
300979
688303
688187
601117
600018
600763
600383
600588
600019
600016
600011
600674
002459
002460
000338
600276
600000
002466
601888
002410
002180
601877
002230
601601
002414
002179
601788
002142
601009
002074
600606
600660
600741
600886
002252
601989
300033
601186
002821
603833
603501
300661
601878
603882
000895
600547
600015
600584
601799
000963
600570
000425
002648
002709
002714
601225
603288
603369
600025
002920
603486
601138
300750
603260
300223
002600
601216
300015
600188
600039
600900
600332
600176
603019
300408
002736
300413
601021
000166
300433
600600
600028
600346
002120
601618
600219
002938
601319
603185
601615
300759
601865
300769
000977
601818
600760
600795
600111
600809
601100
300274
000063
000069
000157
000625
000725
600803
600362
600233
600585
000768
000792
600519
600887
600030
300450
601211
300498
601155
300496
001979
601966
600919
002812
600926
600893
600050
300142
000708
002027
002032
601318
601006
002415
601377
000800
002371
002241
601328
601169
000877
601398
002271
002475
601766
601668
002304
601688
000100
600438
601808
601288
002001
603290
603195
688126
603392
688065
001289
688008
688012
601995
300957
605117
605499
600905
601728
